666
29 6
7 47
21 24
8 40
20 48
16 18
12 3
35 38
20 15
5 28
33 36
3 1
31 33
8 38
32 31
33 45
43 37
48 9
33 1
1 46
37 34
12 36
32 40
9 18
37 24
25 34
13 2
27 31
10 22
42 8
16 14
18 12
46 4
10 25
39 2
0 34
4 39
40 10
33 21
1 0
40 40
5 5
42 29
28 13
26 32
35 20
31 12
17 18
40 47
13 29
39 15
45 18
5 25
27 49
30 33
2 48
44 39
2 45
33 25
35 24
30 45
36 20
40 8
30 7
24 49
45 0
48 41
16 15
13 16
23 43
7 11
23 26
39 4
4 4
24 43
7 25
17 0
19 25
16 16
42 37
44 42
0 1
21 30
27 41
45 12
28 6
42 28
23 38
1 29
23 1
17 16
10 18
47 24
16 3
2 28
33 9
31 1
43 24
36 13
30 14
19 26
23 1
23 34
23 40
43 18
39 14
32 7
43 21
26 30
28 27
22 27
37 9
36 10
9 29
1 26
29 6
9 43
30 34
14 45
12 42
30 0
7 19
14 5
40 13
41 34
5 11
20 47
8 38
40 28
13 0
15 21
0 22
24 12
1 8
42 24
15 9
33 10
28 23
34 11
24 30
37 18
42 6
35 44
17 41
37 41
41 23
11 33
43 24
29 24
14 30
26 31
11 1
33 0
12 47
22 7
16 9
1 27
1 16
49 18
15 7
43 27
42 7
9 25
36 4
7 10
28 1
42 30
29 13
41 21
36 14
28 25
42 31
47 45
14 25
1 32
36 19
47 13
3 31
2 39
37 6
11 22
5 0
42 23
21 1
33 10
31 16
18 37
38 6
29 19
24 29
11 7
4 38
27 13
48 28
32 6
9 39
6 25
20 11
20 41
5 19
6 8
40 4
15 2
12 2
32 30
16 20
18 31
41 13
40 16
25 6
34 40
32 43
31 8
17 31
1 27
34 30
6 6
33 7
42 17
36 26
36 16
24 27
42 2
23 45
44 9
19 7
3 41
16 10
17 26
18 27
7 38
46 12
11 1
16 3
7 47
11 34
37 11
29 7
40 37
38 47
3 49
16 36
16 23
45 26
17 12
22 26
21 0
5 31
24 3
47 49
2 16
24 6
39 10
19 2
46 5
14 5
46 27
32 38
21 0
27 39
12 29
23 31
37 38
32 40
14 9
41 3
5 35
35 2
46 35
19 17
49 14
43 38
20 36
31 2
43 27
46 3
32 27
37 26
38 14
3 3
7 2
40 22
20 31
19 29
1 23
18 26
34 13
10 1
13 47
48 38
20 11
20 1
26 19
24 3
13 37
8 18
40 20
15 9
36 37
2 14
24 44
17 15
31 14
37 18
1 16
9 14
45 39
9 34
42 11
15 46
35 28
10 4
33 31
44 13
35 43
47 40
37 30
22 26
14 38
36 39
47 0
17 41
40 38
40 23
2 28
22 10
38 40
25 25
1 3
34 18
13 24
18 26
10 21
13 38
18 26
13 37
7 31
14 37
26 15
41 21
31 30
44 20
41 19
3 10
17 5
41 9
4 39
24 43
27 22
22 8
45 14
16 7
49 10
29 49
40 5
28 4
45 4
30 34
8 41
22 45
33 13
26 43
45 21
45 35
49 16
8 6
34 22
1 48
30 25
37 47
7 22
21 42
41 32
2 39
18 6
44 45
24 43
29 4
26 9
30 41
7 9
13 3
18 39
14 28
40 43
7 18
34 49
23 31
45 40
11 41
4 14
13 41
21 11
41 30
14 36
26 4
13 17
35 32
4 26
39 38
6 9
12 41
42 30
9 11
12 21
0 1
14 0
7 32
35 13
13 44
13 21
39 11
33 12
6 43
33 15
11 42
39 46
10 3
0 0
22 4
39 29
34 48
41 42
49 46
9 12
3 28
19 1
4 48
11 24
7 14
2 16
7 42
36 27
26 7
41 5
3 47
27 24
28 20
45 48
49 31
46 10
26 36
0 28
40 26
14 32
10 8
0 33
34 5
49 0
3 29
19 9
6 44
34 39
1 17
45 41
15 19
30 35
25 7
47 35
48 33
30 25
27 9
7 28
40 49
34 27
20 45
11 12
31 31
6 2
3 30
39 42
45 27
16 32
29 23
23 20
32 37
7 8
10 12
47 48
35 1
11 5
25 13
41 18
13 39
0 8
20 5
6 32
43 22
46 5
4 4
16 19
6 49
5 1
18 35
29 16
24 27
15 34
0 41
32 34
41 25
32 21
46 26
3 22
12 20
30 0
24 0
15 42
35 13
5 48
7 36
18 29
14 29
25 26
26 35
10 47
29 46
49 16
35 41
39 42
39 40
12 0
1 0
8 32
10 41
19 35
28 21
21 26
44 25
48 37
42 37
7 29
19 49
31 24
7 5
3 1
21 3
3 41
47 46
34 44
20 2
40 0
30 35
38 22
0 26
36 7
23 37
15 38
23 32
9 45
38 25
0 5
8 1
27 22
21 35
8 34
37 20
26 17
42 35
46 33
3 4
16 35
23 17
49 33
30 8
36 36
18 14
6 33
42 37
22 47
0 46
49 7
26 7
8 26
26 6
34 4
17 38
8 14
34 7
35 21
36 25
19 46
36 2
8 17
17 3
49 33
17 32
43 32
29 21
0 1
48 5
8 48
31 3
31 8
1 31
27 19
25 49
34 43
17 9
25 17
32 37
7 31
14 33
25 26
38 43
9 3
42 41
37 11
45 7
21 38
31 8
44 2
17 17
8 15
48 39
34 15
17 49
39 26
37 34
10 37
11 22
9 3
10 30
6 30
12 16
3 10
22 47
25 6
25 18
2 27
27 46
17 44
20 43
38 7
1 27
22 13
0 5
34 12
30 40
31 35
45 34
45 6
1 32
37 42
23 8
15 46
34 33
49 48
12 44
8 26
1 9
33 45
19 31
7 7
17 21
12 16
39 6
28 24
35 42
18 3
11 9
18 41
7 41
36 38
40 7
24 38
10 33
